{
  "height": 28,
  "width": 145,
  "x": 817.90625,
  "y": 739.5729370117188
}